00164GAJ ALM_13-10A                   0    0.0000 20250115 92.281  0      8000   0    M 0        0       0     0 0       0      0        0        0        PSFDFI              
00185AAC AON PLC                      0    4.4500 20430524 95.4329 0      10000  0    C 0        0       0     0 0       0      0        0        0        PSFDFI              
00510RAC ACUITY BRANDS LIGHTING INC   0    6.0000 20191215 112.049 0      10000  0    C 0        0       0     0 0       0      0        0        0        PSFDFI              
007110AB ADMINISTRATORS OF THE TULANE 0    5.0000 20471001 100.619 0      5015   0    O 0        0       0     0 0       0      0        0        0        PSFDFI              
02005N60 ALLY FINANCIAL INC           0    7.0000 20491231 100.75  0      1      0    O 0        0       0     0 0       0      0        0        0        PSFDFI              
032511AX ANADARKO PETROLEUM CORP      0    5.9500 20160915 108.180 0      10000  0    C 0        0       0     0 0       0      0        0        0        PSFDFI              
033287AG ANCHC_14-4A                  0    0.0000 20260728 93.139  0      5000   0    M 0        0       0     0 0       0      0        0        0        PSFDFI              
037833AL APPLE INC                    0    3.8500 20430504 95.7447 0      15000  0    C 0        0       0     0 0       0      0        0        0        PSFDFI              
04014JAG ARES_13-26A                  0    0.0000 20250415 94.664  0      5000   0    M 0        0       0     0 0       0      0        0        0        PSFDFI              
04650NAB AT&T INC                     0    5.3500 20400901 106.920 0      23476  0    C 0        0       0     0 0       0      0        0        0        PSFDFI              
053332AM AUTOZONE INC                 0    3.7000 20220415 102.610 0      15000  0    C 0        0       0     0 0       0      0        0        0        PSFDFI              
05565QBP BP CAPITAL MARKETS PLC       0    4.5000 20201001 108.579 0      10000  0    C 0        0       0     0 0       0      0        0        0        PSFDFI              
06051GDX BANK OF AMERICA CORP         0    5.6500 20180501 111.381 0      10000  0    C 0        0       0     0 0       0      0        0        0        PSFDFI              
06739GBP BARCLAYS BANK PLC            0    5.1400 20201014 108.903 0      15000  0    C 0        0       0     0 0       0      0        0        0        PSFDFI              
084664BT BERKSHIRE HATHAWAY FINANCE C 0    3.0000 20220515 100.611 0      15000  0    C 0        0       0     0 0       0      0        0        0        PSFDFI              
092113AG BLACK HILLS CORP             0    5.8750 20200715 114.886 0      12000  0    C 0        0       0     0 0       0      0        0        0        PSFDFI              
09626YAG BLUEM_13-2A                  0    0.0000 20250122 94.642  0      3000   0    M 0        0       0     0 0       0      0        0        0        PSFDFI              
09627DAG BLUEM_13-4A                  0    0.0000 20250415 94.652  0      10000  0    M 0        0       0     0 0       0      0        0        0        PSFDFI              
12527DAR CFCRE_11-C2                  0    3.8343 20471215 106.496 0      11713  0    M 0        0       0     0 0       0      0        0        0        PSFDFI              
12549BAJ CIFC_13-2A                   0    0.0000 20250418 94.458  0      9000   0    M 0        0       0     0 0       0      0        0        0        PSFDFI              
126171AG COMM_05-C6                   0    0.0000 20440610 101.421 0      10000  0    M 0        0       0     0 0       0      0        0        0        PSFDFI              
12624PAE COMM_12-CR3                  0    2.8220 20451015 99.8476 0      14440  0    M 0        0       0     0 0       0      0        0        0        PSFDFI              
12625GAA CNOOC FINANCE (2013) LTD     0    1.1250 20160509 99.9825 0      10000  0    C 0        0       0     0 0       0      0        0        0        PSFDFI              
126408GS CSX CORP                     0    6.2200 20400430 125.447 0      10000  0    C 0        0       0     0 0       0      0        0        0        PSFDFI              
126408GX CSX CORPORATION              0    4.4000 20430301 100.886 0      3000   0    C 0        0       0     0 0       0      0        0        0        PSFDFI              
126650CB CVS CAREMARK CORP            0    2.2500 20181205 100.780 0      15000  0    C 0        0       0     0 0       0      0        0        0        PSFDFI              
138616AB CANTOR FITZGERALD LP         0    6.3750 20150626 102.670 0      7000   0    C 0        0       0     0 0       0      0        0        0        PSFDFI              
141844AF CARIBBEAN DEVELOPMENT BANK   0    4.3750 20271109 103.661 0      5000   0    C 0        0       0     0 0       0      0        0        0        PSFDFI              
14310DAJ CGMS_13-2A                   0    0.0000 20250418 96.556  0      2050   0    M 0        0       0     0 0       0      0        0        0        PSFDFI              
172967HB CITIGROUP INC                0    5.5000 20250913 110.375 0      30000  0    C 0        0       0     0 0       0      0        0        0        PSFDFI              
172967HC CITIGROUP INC                0    2.5000 20180926 101.453 0      15000  0    C 0        0       0     0 0       0      0        0        0        PSFDFI              
1730T0HX CITIGROUP INC                0    0.0000 20200330 106.487 0      15000  0    C 0        0       0     0 0       0      0        0        0        PSFDFI              
191241AE COCA-COLA FEMSA SAB DE CV    0    3.8750 20231126 104.062 0      5000   0    C 0        0       0     0 0       0      0        0        0        PSFDFI              
195325BM COLOMBIA (REPUBLIC OF)       0    6.1250 20410118 119.494 0      8000   0    C 0        0       0     0 0       0      0        0        0        PSFDFI              
195325BN COLOMBIA REPUBLIC OF (GOVERN 0    4.3750 20210712 106.7   0      15000  0    C 0        0       0     0 0       0      0        0        0        PSFDFI              
224044BW COX COMMUNICATIONS INC       0    3.2500 20221215 97.5849 0      10000  0    C 0        0       0     0 0       0      0        0        0        PSFDFI              
225458VQ CSFB_05-C3                   0    4.6860 20370715 100.835 0      14222  0    M 0        0       0     0 0       0      0        0        0        PSFDFI              
227170AD CRNN_12-2A                   0    3.8100 20270918 100.029 0      7833   0    M 0        0       0     0 0       0      0        0        0        PSFDFI              
22944PAA CSMC_13-TH1                  0    0.0000 20430225 90.5154 0      12789  0    M 0        0       0     0 0       0      0        0        0        PSFDFI              
2463807R DELAWARE ST                  0    4.5500 20290701 111.88  0      10500  0    O 0        0       0     0 0       0      0        0        0        PSFDFI              
249218BC DENVER COLO PUB SCHS CTFS PA 0    4.2420 20371215 100.781 0      6000   0    O 0        0       0     0 0       0      0        0        0        PSFDFI              
25459HAT DIRECTV HOLDINGS LLC         0    5.2000 20200315 111.513 0      15000  0    C 0        0       0     0 0       0      0        0        0        PSFDFI              
256677AC DOLLAR GENERAL CORP          0    3.2500 20230415 90.1240 0      20000  0    C 0        0       0     0 0       0      0        0        0        PSFDFI              
279158AC ECOPETROL SA                 0    5.8750 20230918 110.25  0      6000   0    C 0        0       0     0 0       0      0        0        0        PSFDFI              
29365PAP ENTERGY GULF STATES LOUISIAN 0    5.5900 20241001 118.383 0      15000  0    C 0        0       0     0 0       0      0        0        0        PSFDFI              
30161MAG EXELON GENERATION CO LLC     0    6.2500 20391001 116.180 0      15000  0    C 0        0       0     0 0       0      0        0        0        PSFDFI              
30261GAL FREMF_12-K705                0    0.0000 20440925 104.199 0      10000  0    M 0        0       0     0 0       0      0        0        0        PSFDFI              
30261MAE FREMF_12-K710                0    0.0000 20470625 103.160 0      5000   0    M 0        0       0     0 0       0      0        0        0        PSFDFI              
30263CAE FREMF_11-K703                0    0.0000 20440725 106.507 0      4500   0    M 0        0       0     0 0       0      0        0        0        PSFDFI              
31283AMV FHLS_302                     0    1.7500 20280215 94.3328 0      22798  0    M 0        0       0     0 0       0      0        0        0        PSFDFI              
31283ANH FHLS_30-5                    0    1.7500 20280315 95.7819 0      17138  0    M 0        0       0     0 0       0      0        0        0        PSFDFI              
3128E56V FGOLD 20YR                   0    3.5000 20320201 105.281 0      4031   0    M 0        0       0     0 0       0      0        0        0        PSFDFI              
3128P7RX FGOLD 20YR                   0    4.0000 20311001 107.901 0      11165  0    M 0        0       0     0 0       0      0        0        0        PSFDFI              
3128PDJZ FGOLD 15YR                   0    5.5000 20200601 106.962 0      1531   0    M 0        0       0     0 0       0      0        0        0        PSFDFI              
3128PMVY FGOLD 15YR                   0    4.0000 20240401 108.119 0      3764   0    M 0        0       0     0 0       0      0        0        0        PSFDFI              
31292HVU FGOLD 30YR                   0    5.5000 20330401 112.319 0      2194   0    M 0        0       0     0 0       0      0        0        0        PSFDFI              
31292HX3 FGOLD 30YR                   0    5.0000 20330801 111.453 0      3845   0    M 0        0       0     0 0       0      0        0        0        PSFDFI              
31297F7J FGOLD 30YR                   0    5.5000 20341101 112.350 0      4475   0    M 0        0       0     0 0       0      0        0        0        PSFDFI              
31326HSV FH 5/1 12M Libor ARM         0    0.0000 20441001 103.155 0      4493   0    M 0        0       0     0 0       0      0        0        0        PSFDFI              
3132GVC5 FHLMC GOLD 30YR              0    3.5000 20420701 103.663 0      9910   0    M 0        0       0     0 0       0      0        0        0        PSFDFI              
3132HAW9 FHLMC GOLD 30YR LTV >105     0    3.0000 20430101 100.663 0      6555   0    M 0        0       0     0 0       0      0        0        0        PSFDFI              
3132HLG3 FHLMC GOLD 30YR              0    3.0000 20420801 100.788 0      4591   0    M 0        0       0     0 0       0      0        0        0        PSFDFI              
3132HMFH FHLMC GOLD 30YR              0    3.5000 20420801 103.757 0      18729  0    M 0        0       0     0 0       0      0        0        0        PSFDFI              
3132J62C FHLMC GOLD 30YR              0    3.0000 20430201 100.601 0      13681  0    M 0        0       0     0 0       0      0        0        0        PSFDFI              
3132JAQF FHLMC GOLD 30YR              0    3.5000 20430601 103.635 0      8856   0    M 0        0       0     0 0       0      0        0        0        PSFDFI              
313380S2 FHLB                         0    0.0000 20241009 99.4193 0      15000  0    O 0        0       0     0 0       0      0        0        0        PSFDFI              
3133EDZA FFCB                         0    2.0000 20200422 99.3780 0      10000  0    O 0        0       0     0 0       0      0        0        0        PSFDFI              
3133T55A FHLMC_G40                    0    6.5000 20240817 111.635 0      1751   0    M 0        0       0     0 0       0      0        0        0        PSFDFI              
3133TDVH FHLMC_20-59                  0    6.5000 20280515 112.241 0      816    0    M 0        0       0     0 0       0      0        0        0        PSFDFI              
3133TJJ5 FHLMC_21-25                  0    6.5000 20290215 110.040 0      4192   0    M 0        0       0     0 0       0      0        0        0        PSFDFI              
3133TJRM FHLMC_21-37                  0    6.5000 20290315 110.098 0      2663   0    M 0        0       0     0 0       0      0        0        0        PSFDFI              
3133TM3G FHLMC_2183                   0    7.0000 20290915 114.147 0      1001   0    M 0        0       0     0 0       0      0        0        0        PSFDFI              
3133TMYK FHLMC_2205                   0    7.5000 20291215 115.437 0      1334   0    M 0        0       0     0 0       0      0        0        0        PSFDFI              
3134G3E6 FHLMC                        0    1.7600 20200827 98.1523 0      15000  0    O 0        0       0     0 0       0      0        0        0        PSFDFI              
3134G3F9 FHLMC                        0    1.6500 20200828 97.7168 0      25000  0    O 0        0       0     0 0       0      0        0        0        PSFDFI              
3134G43Y FHLMC                        0    0.7000 20170508 99.7628 0      25000  0    O 0        0       0     0 0       0      0        0        0        PSFDFI              
31358E3B FNMA_90-100                  0    9.5850 20200925 114.617 0      72     0    M 0        0       0     0 0       0      0        0        0        PSFDFI              
31358EJH FNMA_90-62                   0    9.0000 20200625 113.992 0      77     0    M 0        0       0     0 0       0      0        0        0        PSFDFI              
31358EQ4 FNMA_90-98                   0    9.0000 20200825 112.241 0      115    0    M 0        0       0     0 0       0      0        0        0        PSFDFI              
31358EUD FNMA_90-79                   0    9.0000 20200725 111.961 0      171    0    M 0        0       0     0 0       0      0        0        0        PSFDFI              
31358EXH FNMA_90-85                   0    9.5000 20200725 114.980 0      105    0    M 0        0       0     0 0       0      0        0        0        PSFDFI              
31358FED FNMA_90-119                  0    9.0000 20201025 113.679 0      65     0    M 0        0       0     0 0       0      0        0        0        PSFDFI              
31358GPP FNMA_91-39                   0    9.0000 20210525 113.879 0      86     0    M 0        0       0     0 0       0      0        0        0        PSFDFI              
31358H3M FNMA_91-96                   0    9.0000 20210825 114.521 0      54     0    M 0        0       0     0 0       0      0        0        0        PSFDFI              
31358H4T FNMA_91-101                  0    9.0000 20210825 114.276 0      97     0    M 0        0       0     0 0       0      0        0        0        PSFDFI              
31358J5H FNMA_91-G32                  0    9.0000 20211025 108.817 0      189    0    M 0        0       0     0 0       0      0        0        0        PSFDFI              
31358J5K FNMA_91-G32                  0    8.9000 20211025 108.630 0      189    0    M 0        0       0     0 0       0      0        0        0        PSFDFI              
31358JLP FNMA_91-108                  0    9.0000 20210925 114.395 0      281    0    M 0        0       0     0 0       0      0        0        0        PSFDFI              
31358JQR FNMA_91-G30                  0    9.0000 20211025 112.517 0      340    0    M 0        0       0     0 0       0      0        0        0        PSFDFI              
31358KFK FNMA_91-154                  0    8.7500 20211125 113.882 0      386    0    M 0        0       0     0 0       0      0        0        0        PSFDFI              
31359MEL FNMA                         0    0.0000 20170601 97.7743 0      12578  0    O 0        0       0     0 0       0      0        0        0        PSFDFI              
31359UFQ FNMA_98-49                   0    6.5000 20280720 114.364 0      2368   0    M 0        0       0     0 0       0      0        0        0        PSFDFI              
31359XPA FNMA_99-64                   0    7.0000 20300125 113.924 0      2196   0    M 0        0       0     0 0       0      0        0        0        PSFDFI              
313602WT FNMA_89-38                   0    9.0000 20190725 111.220 0      74     0    M 0        0       0     0 0       0      0        0        0        PSFDFI              
313602XC FNMA_89-40                   0    9.5000 20190725 112.456 0      44     0    M 0        0       0     0 0       0      0        0        0        PSFDFI              
313602ZN FNMA_89-46                   0    9.0000 20190825 109.940 0      119    0    M 0        0       0     0 0       0      0        0        0        PSFDFI              
3136032X FNMA_90-37                   0    9.5000 20200425 110.858 0      74     0    M 0        0       0     0 0       0      0        0        0        PSFDFI              
3136034Z FNMA_90-39                   0    9.5000 20200425 111.581 0      148    0    M 0        0       0     0 0       0      0        0        0        PSFDFI              
3136035T FNMA_90-42                   0    9.8000 20200425 108.756 0      47     0    M 0        0       0     0 0       0      0        0        0        PSFDFI              
313603BQ FNMA_89-79                   0    9.0000 20191125 111.838 0      215    0    M 0        0       0     0 0       0      0        0        0        PSFDFI              
313603CJ FNMA_89-80                   0    9.0000 20191125 107.843 0      92     0    M 0        0       0     0 0       0      0        0        0        PSFDFI              
313603RP FNMA_90-8                    0    9.0000 20200125 112.669 0      57     0    M 0        0       0     0 0       0      0        0        0        PSFDFI              
313603S6 FNMA_90-26                   0    9.5000 20200325 112.547 0      180    0    M 0        0       0     0 0       0      0        0        0        PSFDFI              
313603SJ FNMA_90-5                    0    9.2500 20200125 112.174 0      327    0    M 0        0       0     0 0       0      0        0        0        PSFDFI              
313603VV FNMA_90-13                   0    9.0000 20200225 111.949 0      286    0    M 0        0       0     0 0       0      0        0        0        PSFDFI              
313603W5 FNMA_90-29                   0    9.0000 20200325 113.686 0      214    0    M 0        0       0     0 0       0      0        0        0        PSFDFI              
313603YE FNMA_90-17                   0    9.0000 20200225 112.971 0      138    0    M 0        0       0     0 0       0      0        0        0        PSFDFI              
313603Z4 FNMA_90-31                   0    9.5000 20200325 113.630 0      340    0    M 0        0       0     0 0       0      0        0        0        PSFDFI              
313603ZE FNMA_90-14                   0    9.4500 20200225 112.132 0      124    0    M 0        0       0     0 0       0      0        0        0        PSFDFI              
3136A5ZW FNMA_12-54                   0    3.5000 20410125 103.396 0      23869  0    M 0        0       0     0 0       0      0        0        0        PSFDFI              
3136A7XB FNMA_12-87                   0    2.0000 20390625 98.2977 0      16133  0    M 0        0       0     0 0       0      0        0        0        PSFDFI              
3136AAUU FNMA_12-134                  0    1.7500 20400725 98.9185 0      18718  0    M 0        0       0     0 0       0      0        0        0        PSFDFI              
3136AAVE FNMA_12-134                  0    1.7500 20401025 97.6587 0      13483  0    M 0        0       0     0 0       0      0        0        0        PSFDFI              
3136ABXQ FNMA_13-3                    0    1.5000 20330225 94.4396 0      5162   0    M 0        0       0     0 0       0      0        0        0        PSFDFI              
3136ABYG FNMA_13-1                    0    3.0000 20400225 102.142 0      34498  0    M 0        0       0     0 0       0      0        0        0        PSFDFI              
3136ABZN FNMA_13-1                    0    2.2500 20400225 99.2185 0      8856   0    M 0        0       0     0 0       0      0        0        0        PSFDFI              
3136ACV2 FNMA_13-15                   0    3.0000 20390325 102.307 0      30268  0    M 0        0       0     0 0       0      0        0        0        PSFDFI              
3136AD3A FNMA_13-45                   0    3.0000 20360725 99.2658 0      15650  0    M 0        0       0     0 0       0      0        0        0        PSFDFI              
3136AHZ7 FNMA_13-132                  0    3.0000 20440125 95.9466 0      17444  0    M 0        0       0     0 0       0      0        0        0        PSFDFI              
3136AJHT FNMA_14-12                   0    3.5000 20270325 105.079 0      10917  0    M 0        0       0     0 0       0      0        0        0        PSFDFI              
3136FPTQ FNMA                         0    2.2000 20171027 103.229 0      25000  0    O 0        0       0     0 0       0      0        0        0        PSFDFI              
3136G1AH FEDERAL NATIONAL MORTGAGE AS 0    0.0000 20190117 98.9956 0      28410  0    O 0        0       0     0 0       0      0        0        0        PSFDFI              
3137A7XS FHLMC_38-27                  0    4.0000 20390815 104.293 0      14129  0    M 0        0       0     0 0       0      0        0        0        PSFDFI              
3137ACKY FHLMC_3876                   0    4.0000 20380815 104.822 0      12244  0    M 0        0       0     0 0       0      0        0        0        PSFDFI              
3137AN4J FHLMC_4019                   0    4.0000 20391115 107.493 0      19470  0    M 0        0       0     0 0       0      0        0        0        PSFDFI              
3137ATUV FHLMC_4113                   0    2.0000 20390715 99.6045 0      7730   0    M 0        0       0     0 0       0      0        0        0        PSFDFI              
3137AW2P FHLMC_41-34                  0    3.5000 20380415 104.228 0      15773  0    M 0        0       0     0 0       0      0        0        0        PSFDFI              
3137B2DN FHLMC_42-3                   0    3.0000 20401015 102.033 0      32111  0    M 0        0       0     0 0       0      0        0        0        PSFDFI              
3137B8VY FHLMC_43-13                  0    3.0000 20330315 97.3048 0      10207  0    M 0        0       0     0 0       0      0        0        0        PSFDFI              
3137BCMN FHLMC_43-63                  0    3.0000 20330515 103.798 0      4903   0    M 0        0       0     0 0       0      0        0        0        PSFDFI              
3137BDGR FHLMC_43-92                  0    3.0000 20400315 98.9627 0      26833  0    M 0        0       0     0 0       0      0        0        0        PSFDFI              
31381SW6 FNMA  10YR BALLOON MULTI     0    3.2200 20211101 104.328 0      9465   0    M 0        0       0     0 0       0      0        0        0        PSFDFI              
31381TWH FNMA  10YR BALLOON MULTI     0    3.2793 20220201 104.051 0      6108   0    M 0        0       0     0 0       0      0        0        0        PSFDFI              
3138A2J8 FNMA  15YR                   0    3.5000 20260101 106.322 0      16350  0    M 0        0       0     0 0       0      0        0        0        PSFDFI              
3138AKQV FNMA  30YR                   0    4.5000 20410701 109.435 0      11359  0    M 0        0       0     0 0       0      0        0        0        PSFDFI              
3138ASXT FNMA  30YR                   0    4.0000 20411001 106.760 0      9431   0    M 0        0       0     0 0       0      0        0        0        PSFDFI              
3138ECJV FNMA  30YR                   0    4.0000 20420301 106.829 0      9404   0    M 0        0       0     0 0       0      0        0        0        PSFDFI              
3138ELZK FNMA 6MO LIBOR ARM           0    0.0000 20431001 101.074 0      4648   0    M 0        0       0     0 0       0      0        0        0        PSFDFI              
3138EM2U FNMA 6MO LIBOR ARM           0    0.0000 20440501 103.304 0      7201   0    M 0        0       0     0 0       0      0        0        0        PSFDFI              
3138M6NY FNMA CONV LONG TERM 30YR LTV 0    3.0000 20420901 100.663 0      7601   0    M 0        0       0     0 0       0      0        0        0        PSFDFI              
3138M8X6 FNMA 15YR                    0    3.0000 20270901 104.235 0      6469   0    M 0        0       0     0 0       0      0        0        0        PSFDFI              
3138MJX2 FNMA 20YR                    0    2.5000 20321101 99.4262 0      4889   0    M 0        0       0     0 0       0      0        0        0        PSFDFI              
3138MLBH FNMA CONV INT TERM 15YR OR L 0    2.5000 20271101 101.665 0      3827   0    M 0        0       0     0 0       0      0        0        0        PSFDFI              
3138MLBL FNMA CONV INT TERM 15YR OR L 0    2.5000 20271101 101.446 0      3886   0    M 0        0       0     0 0       0      0        0        0        PSFDFI              
3138NXK4 FNMA 15YR                    0    2.5000 20280101 102.071 0      14841  0    M 0        0       0     0 0       0      0        0        0        PSFDFI              
3138WMWW FNMA 30YR                    0    3.5000 20430401 104.009 0      17288  0    M 0        0       0     0 0       0      0        0        0        PSFDFI              
3138WNCF FNMA 30YR                    0    3.0000 20430401 100.600 0      10764  0    M 0        0       0     0 0       0      0        0        0        PSFDFI              
3138X6NR FN 7/1 12M Libor ARM         0    0.0000 20431001 102.482 0      9158   0    M 0        0       0     0 0       0      0        0        0        PSFDFI              
3138Y3P2 FN 5/1 12M Libor ARM         0    0.0000 20440901 102.265 0      11306  0    M 0        0       0     0 0       0      0        0        0        PSFDFI              
3138YAMW FN 5/1 12M Libor ARM         0    0.0000 20441101 103.197 0      10000  0    M 0        0       0     0 0       0      0        0        0        PSFDFI              
31395WNU FHLMC_3000                   0    6.0000 20350715 109.725 0      1012   0    M 0        0       0     0 0       0      0        0        0        PSFDFI              
31397NGS FNMA_09-10                   0    0.0000 20390325 100.846 0      8663   0    M 0        0       0     0 0       0      0        0        0        PSFDFI              
31397SXE FNMA_11-40                   0    4.0000 20390925 103.487 0      16339  0    M 0        0       0     0 0       0      0        0        0        PSFDFI              
31397YVY FHLMC_3513                   0    4.5000 20240215 106.403 0      3901   0    M 0        0       0     0 0       0      0        0        0        PSFDFI              
31398QNP FHLMC_36-76                  0    4.0000 20241215 103.795 0      18665  0    M 0        0       0     0 0       0      0        0        0        PSFDFI              
31398R2V FNMA_10-79                   0    4.0000 20250725 106.838 0      10046  0    M 0        0       0     0 0       0      0        0        0        PSFDFI              
31398RGA FNMA_10-60                   0    5.0000 20400625 113.861 0      3162   0    M 0        0       0     0 0       0      0        0        0        PSFDFI              
31398TM9 FNMA_10-96                   0    4.5000 20250925 107.394 0      17741  0    M 0        0       0     0 0       0      0        0        0        PSFDFI              
31401PGD FNMA 30YR                    0    5.0000 20330701 112.774 0      4186   0    M 0        0       0     0 0       0      0        0        0        PSFDFI              
31402DF7 FNMA  30YR                   0    6.0000 20340801 114.015 0      4618   0    M 0        0       0     0 0       0      0        0        0        PSFDFI              
31402QTS FNMA  30YR                   0    6.0000 20341101 114.015 0      4571   0    M 0        0       0     0 0       0      0        0        0        PSFDFI              
31403VSP FNMA  15YR                   0    5.5000 20190101 106.998 0      881    0    M 0        0       0     0 0       0      0        0        0        PSFDFI              
31403YHZ FNMA  30YR                   0    5.5000 20340101 112.755 0      3801   0    M 0        0       0     0 0       0      0        0        0        PSFDFI              
31404DD8 FNMA  15YR                   0    5.0000 20190201 106.860 0      1257   0    M 0        0       0     0 0       0      0        0        0        PSFDFI              
31404JTH FNMA  15YR                   0    5.0000 20190401 106.860 0      1579   0    M 0        0       0     0 0       0      0        0        0        PSFDFI              
31404JTQ FNMA  15YR                   0    5.0000 20190401 106.642 0      1175   0    M 0        0       0     0 0       0      0        0        0        PSFDFI              
31404SFR FNMA  30YR                   0    5.5000 20340401 112.442 0      3157   0    M 0        0       0     0 0       0      0        0        0        PSFDFI              
31406BMV FNMA  30YR                   0    5.5000 20350101 112.442 0      1336   0    M 0        0       0     0 0       0      0        0        0        PSFDFI              
31410FCV FNMA  30YR                   0    6.0000 20360701 114.702 0      2058   0    M 0        0       0     0 0       0      0        0        0        PSFDFI              
31416WP3 FNMA  30YR                   0    4.0000 20400801 107.292 0      5754   0    M 0        0       0     0 0       0      0        0        0        PSFDFI              
31416WP7 FNMA  30YR                   0    4.5000 20400801 109.435 0      12426  0    M 0        0       0     0 0       0      0        0        0        PSFDFI              
31417CCN FNMA 30YR                    0    3.5000 20420601 104.006 0      13471  0    M 0        0       0     0 0       0      0        0        0        PSFDFI              
31417EQT FNMA CONV LONG TERM 30YR OR  0    3.0000 20330101 102.247 0      15005  0    M 0        0       0     0 0       0      0        0        0        PSFDFI              
31418NDJ FNMA  15YR                   0    4.0000 20250201 108.168 0      5237   0    M 0        0       0     0 0       0      0        0        0        PSFDFI              
31419DBF FNMA  30YR                   0    4.0000 20401001 106.948 0      13023  0    M 0        0       0     0 0       0      0        0        0        PSFDFI              
31419DLU FNMA  30YR                   0    4.0000 20400901 107.385 0      6915   0    M 0        0       0     0 0       0      0        0        0        PSFDFI              
31677QBC FIFTH THIRD BANK             0    2.8750 20211001 99.5066 0      15000  0    C 0        0       0     0 0       0      0        0        0        PSFDFI              
344593AA FONDO MIVIVIENDA SA          0    3.5000 20230131 95.44   0      5000   0    C 0        0       0     0 0       0      0        0        0        PSFDFI              
36176HR9 GNMA2 30YR                   0    3.5000 20420520 105.319 0      5992   0    M 0        0       0     0 0       0      0        0        0        PSFDFI              
36200AE3 GNMA  30YR                   0    5.5000 20321115 112.681 0      3333   0    M 0        0       0     0 0       0      0        0        0        PSFDFI              
36202ENB GNMA2 30YR                   0    6.0000 20370520 113.344 0      2989   0    M 0        0       0     0 0       0      0        0        0        PSFDFI              
36230L4Q GNMA2 30YR                   0    4.5000 20401020 110.685 0      20894  0    M 0        0       0     0 0       0      0        0        0        PSFDFI              
36962G4B GENERAL ELECTRIC CAPITAL COR 0    6.8750 20390110 135.927 0      7000   0    C 0        0       0     0 0       0      0        0        0        PSFDFI              
37952UAB SEACO_13-1A                  0    2.9800 20280417 98.8591 0      7280   0    M 0        0       0     0 0       0      0        0        0        PSFDFI              
38137LAG GOLD8_14-8A                  0    0.0000 20260419 95.813  0      6000   0    M 0        0       0     0 0       0      0        0        0        PSFDFI              
38141EA6 GOLDMAN SACHS GROUP INC      0    6.0000 20200615 115.376 0      25000  0    C 0        0       0     0 0       0      0        0        0        PSFDFI              
38141GRC GOLDMAN SACHS GROUP INC/THE  0    2.3750 20180122 101.008 0      10000  0    C 0        0       0     0 0       0      0        0        0        PSFDFI              
38145XAA GOLDMAN SACHS GROUP INC/THE  0    2.6250 20190131 100.671 0      15000  0    C 0        0       0     0 0       0      0        0        0        PSFDFI              
38376G2G GNMA_11-92                   0    3.2000 20441116 102.480 0      12000  0    M 0        0       0     0 0       0      0        0        0        PSFDFI              
38376G3G GNMA_11-110                  0    3.1744 20430816 101.894 0      15000  0    M 0        0       0     0 0       0      0        0        0        PSFDFI              
38376GWL GNMA_10-132                  0    3.6044 20471216 102.683 0      4078   0    M 0        0       0     0 0       0      0        0        0        PSFDFI              
38377DTF GNMA_10-103                  0    4.5000 20400820 113.102 0      26600  0    M 0        0       0     0 0       0      0        0        0        PSFDFI              
38377MEW GNMA_10-129                  0    4.0000 20391020 105.93  0      16356  0    M 0        0       0     0 0       0      0        0        0        PSFDFI              
38377UPQ GNMA_11-34                   0    4.5000 20400220 107.272 0      8661   0    M 0        0       0     0 0       0      0        0        0        PSFDFI              
38378BTY GNMA_12-067                  0    2.2190 20440416 99.5351 0      10000  0    M 0        0       0     0 0       0      0        0        0        PSFDFI              
38378FBN GNMA_13-10                   0    2.0000 20411120 100.257 0      13028  0    M 0        0       0     0 0       0      0        0        0        PSFDFI              
38378WH6 GNMA_13-131                  0    3.5000 20430916 103.144 0      6104   0    M 0        0       0     0 0       0      0        0        0        PSFDFI              
40414LAL HCP INC                      0    3.8750 20240815 100.211 0      5000   0    C 0        0       0     0 0       0      0        0        0        PSFDFI              
40428HPB HSBC USA INC                 0    5.0000 20200927 110.101 0      15000  0    C 0        0       0     0 0       0      0        0        0        PSFDFI              
4042Q1AE HSBC BANK USA NA             0    4.8750 20200824 110.521 0      15000  0    C 0        0       0     0 0       0      0        0        0        PSFDFI              
40537YAN HLA_13-2A                    0    0.0000 20250801 95.154  0      5000   0    M 0        0       0     0 0       0      0        0        0        PSFDFI              
418056AU HASBRO INC                   0    5.1000 20440515 103.022 0      10000  0    C 0        0       0     0 0       0      0        0        0        PSFDFI              
42217KAW HEALTH CARE REIT INC         0    5.2500 20220115 110.171 0      10000  0    C 0        0       0     0 0       0      0        0        0        PSFDFI              
42217KBC HEALTH CARE REIT INC         0    4.5000 20240115 104.504 0      15000  0    C 0        0       0     0 0       0      0        0        0        PSFDFI              
44987HAJ INGIM_14-1A                  0    0.0000 20260418 92.601  0      7000   0    M 0        0       0     0 0       0      0        0        0        PSFDFI              
454889AP INDIANA MICHIGAN POWER COMPA 0    3.2000 20230315 99.2177 0      7000   0    C 0        0       0     0 0       0      0        0        0        PSFDFI              
459284AB COCA-COLA ENTERPRISES INC    0    3.5000 20200915 103.651 0      15000  0    C 0        0       0     0 0       0      0        0        0        PSFDFI              
46186NAC IHSFR_13-SFR1                0    0.0000 20301217 98.5859 0      8550   0    M 0        0       0     0 0       0      0        0        0        PSFDFI              
46186PAC IHSFR_14-SFR1                0    0.0000 20310617 98.2958 0      6582   0    M 0        0       0     0 0       0      0        0        0        PSFDFI              
46625HHS JPMORGAN CHASE & CO          0    4.4000 20200722 108.399 0      6000   0    C 0        0       0     0 0       0      0        0        0        PSFDFI              
46640BAC JPMMT_13-2                   0    0.0000 20430525 101.502 0      13882  0    M 0        0       0     0 0       0      0        0        0        PSFDFI              
46641CAA JPMMT_14-1                   0    0.0000 20440125 104.453 0      13389  0    M 0        0       0     0 0       0      0        0        0        PSFDFI              
46641JBA JPMBB _14-C18                0    4.4386 20470215 107.457 0      12800  0    M 0        0       0     0 0       0      0        0        0        PSFDFI              
46643BAG JPMMT_14-IVR3                0    0.0000 20440925 0       0      7933   0    M 0        0       0     0 0       0      0        0        0        PSFDFI              
476556CK JERSEY CENTRAL POWER & LIGHT 0    4.8000 20180615 107.574 0      10000  0    C 0        0       0     0 0       0      0        0        0        PSFDFI              
48124ALR JPMORGAN CHASE & CO          0    0.0000 20200428 106.04  0      15000  0    C 0        0       0     0 0       0      0        0        0        PSFDFI              
482739AD KVK_13-1A                    0    0.0000 20250414 98.5    0      10675  0    M 0        0       0     0 0       0      0        0        0        PSFDFI              
494550BL KINDER MORGAN ENERGY PARTNER 0    3.9500 20220901 99.2814 0      10000  0    C 0        0       0     0 0       0      0        0        0        PSFDFI              
494550BP KINDER MORGAN ENERGY PARTNER 0    5.0000 20430301 93.2151 0      15000  0    C 0        0       0     0 0       0      0        0        0        PSFDFI              
494550BQ KINDER MORGAN ENERGY PARTNER 0    3.5000 20230901 95.2054 0      5000   0    C 0        0       0     0 0       0      0        0        0        PSFDFI              
494550BU KINDER MORGAN ENERGY PARTNER 0    5.5000 20440301 97.7999 0      10000  0    C 0        0       0     0 0       0      0        0        0        PSFDFI              
500630BT KOREA DEVELOPMENT BANK (THE) 0    4.0000 20160909 104.918 0      14199  0    C 0        0       0     0 0       0      0        0        0        PSFDFI              
50076QAU KRAFT FOODS GROUP INC        0    5.3750 20200210 113.711 0      10000  0    C 0        0       0     0 0       0      0        0        0        PSFDFI              
52109RBM LBUBS_07-C7                  0    0.0000 20450915 110.691 0      10390  0    M 0        0       0     0 0       0      0        0        0        PSFDFI              
534187BC LINCOLN NATIONAL CORP        0    4.2000 20220315 105.669 0      20000  0    C 0        0       0     0 0       0      0        0        0        PSFDFI              
56576VAG MCLO_14-6A                   0    0.0000 20250513 91.764  0      10000  0    M 0        0       0     0 0       0      0        0        0        PSFDFI              
56585AAF MARATHON PETROLEUM CORP      0    6.5000 20410301 117.456 0      5000   0    C 0        0       0     0 0       0      0        0        0        PSFDFI              
59022HJN MLMT_05-CIP1                 0    0.0000 20380712 101.992 0      21360  0    M 0        0       0     0 0       0      0        0        0        PSFDFI              
59156RBG METLIFE INC                  0    4.8750 20431113 107.664 0      12000  0    C 0        0       0     0 0       0      0        0        0        PSFDFI              
594918AD MICROSOFT CORP               0    5.2000 20390601 116.142 0      10000  0    C 0        0       0     0 0       0      0        0        0        PSFDFI              
594918AU MICROSOFT CORP               0    3.7500 20430501 95.8597 0      2000   0    C 0        0       0     0 0       0      0        0        0        PSFDFI              
6174467U MORGAN STANLEY               0    2.1250 20180425 100.236 0      15000  0    C 0        0       0     0 0       0      0        0        0        PSFDFI              
61747YDT MORGAN STANLEY               0    4.7500 20170322 107.265 0      10000  0    C 0        0       0     0 0       0      0        0        0        PSFDFI              
6174824M MORGAN STANLEY               0    4.8750 20221101 106.461 0      15000  0    C 0        0       0     0 0       0      0        0        0        PSFDFI              
61757LAE MSC_08-T29                   0    0.0000 20430111 112.160 0      10000  0    M 0        0       0     0 0       0      0        0        0        PSFDFI              
652482AS NEWS AMERICA INC             0    6.7500 20380109 127.625 0      18162  0    C 0        0       0     0 0       0      0        0        0        PSFDFI              
65535HAG NOMURA HOLDINGS INC          0    2.7500 20190319 101.084 0      15000  0    C 0        0       0     0 0       0      0        0        0        PSFDFI              
67590NAG OCT20_14-1A                  0    0.0000 20260812 94.795  0      8000   0    M 0        0       0     0 0       0      0        0        0        PSFDFI              
677659V6 OHIO ST WTR DEV AUTH REV     0    4.8170 20301201 112.101 0      10000  0    O 0        0       0     0 0       0      0        0        0        PSFDFI              
68233LAD ONCOR_03-1                   0    5.4200 20170815 102.005 0      7505   0    M 0        0       0     0 0       0      0        0        0        PSFDFI              
69352JAN PPL ENERGY SUPPLY LLC        0    4.6000 20211215 94.8081 0      5000   0    C 0        0       0     0 0       0      0        0        0        PSFDFI              
698299AX PANAMA (REPUBLIC OF)         0    5.2000 20200130 110.502 0      10000  0    C 0        0       0     0 0       0      0        0        0        PSFDFI              
708696BV PENNSYLVANIA ELECTRIC CO     0    6.1500 20381001 117.239 0      7500   0    C 0        0       0     0 0       0      0        0        0        PSFDFI              
708696BW PENNSYLVANIA ELECTRIC COMPAN 0    5.2000 20200401 111.184 0      17000  0    C 0        0       0     0 0       0      0        0        0        PSFDFI              
71654QBJ PETROLEOS MEXICANOS          0    3.5000 20180718 104.797 0      20000  0    C 0        0       0     0 0       0      0        0        0        PSFDFI              
724479AJ PITNEY BOWES INC             0    4.6250 20240315 101.252 0      10000  0    C 0        0       0     0 0       0      0        0        0        PSFDFI              
731011AT POLAND REPUBLIC OF (GOVERNME 0    3.0000 20230317 99.26   0      6000   0    C 0        0       0     0 0       0      0        0        0        PSFDFI              
73358WRQ PORT AUTH N Y & N J          0    5.3100 20460801 107.655 0      10000  0    O 0        0       0     0 0       0      0        0        0        PSFDFI              
74164MAA PRIMERICA INC                0    4.7500 20220715 109.015 0      5000   0    C 0        0       0     0 0       0      0        0        0        PSFDFI              
74332KAE PROG_14-SFR1                 0    0.0000 20311017 98.6093 0      2500   0    M 0        0       0     0 0       0      0        0        0        PSFDFI              
74432QBM PRUDENTIAL FINANCIAL INC     0    5.3750 20200621 112.904 0      10000  0    C 0        0       0     0 0       0      0        0        0        PSFDFI              
74432QBN PRUDENTIAL FINANCIAL INC     0    6.6250 20400621 127.692 0      8000   0    C 0        0       0     0 0       0      0        0        0        PSFDFI              
74834LAQ QUEST DIAGNOSTIC INC         0    5.7500 20400130 111.204 0      11000  0    C 0        0       0     0 0       0      0        0        0        PSFDFI              
76720AAM RIO TINTO FINANCE (USA) PLC  0    2.2500 20181214 100.055 0      10000  0    C 0        0       0     0 0       0      0        0        0        PSFDFI              
806854AD SCHLUMBERGER INVESTMENT SA   0    2.4000 20220801 96.9280 0      2000   0    C 0        0       0     0 0       0      0        0        0        PSFDFI              
81745CAB SEMT_13-7                    0    0.0000 20430625 97.9646 0      10237  0    M 0        0       0     0 0       0      0        0        0        PSFDFI              
82937TAC SINOPEC CAPITAL (2013) LTD   0    1.2500 20160424 100.087 0      10000  0    C 0        0       0     0 0       0      0        0        0        PSFDFI              
843646AJ SOUTHERN POWER CO            0    5.2500 20430715 112.104 0      10000  0    C 0        0       0     0 0       0      0        0        0        PSFDFI              
845467AH SOUTHWESTERN ENERGY COMPANY  0    4.1000 20220315 100.571 0      3000   0    C 0        0       0     0 0       0      0        0        0        PSFDFI              
857524AA POLAND (REPUBLIC OF)         0    5.1250 20210421 112.525 0      10000  0    C 0        0       0     0 0       0      0        0        0        PSFDFI              
85771PAB STATOIL ASA                  0    3.1250 20170817 104.874 0      10000  0    C 0        0       0     0 0       0      0        0        0        PSFDFI              
86359DFT SASC_05-10                   0    5.5000 20341225 97.9643 0      8227   0    M 0        0       0     0 0       0      0        0        0        PSFDFI              
872455AL TICP_14-1A                   0    0.0000 20260426 91.802  0      3000   0    M 0        0       0     0 0       0      0        0        0        PSFDFI              
878091BC TEACHERS INSUR & ANNUITY     0    6.8500 20391216 131.919 0      10000  0    C 0        0       0     0 0       0      0        0        0        PSFDFI              
878742AE TECK COMINCO LIMITED         0    6.1250 20351001 101.170 0      17000  0    C 0        0       0     0 0       0      0        0        0        PSFDFI              
880591DV TVA                          0    4.7000 20330715 114.739 0      11000  0    O 0        0       0     0 0       0      0        0        0        PSFDFI              
880591DZ TENNESSEE VALLEY AUTHORITY   0    5.3750 20560401 123.955 0      5471   0    O 0        0       0     0 0       0      0        0        0        PSFDFI              
88283LHU TEXAS TRANSN COMMN ST HWY FD 0    5.1780 20300401 118.053 0      4550   0    O 0        0       0     0 0       0      0        0        0        PSFDFI              
887317AH TIME WARNER INC              0    6.1000 20400715 116.997 0      10000  0    C 0        0       0     0 0       0      0        0        0        PSFDFI              
88732JAL TIME WARNER CABLE INC        0    6.7500 20180701 115.806 0      15000  0    C 0        0       0     0 0       0      0        0        0        PSFDFI              
902494AT TYSON FOODS INC              0    4.5000 20220615 107.486 0      11500  0    C 0        0       0     0 0       0      0        0        0        PSFDFI              
91086QAW MEXICO (UNITED MEXICAN STATE 0    5.9500 20190319 114.389 0      10000  0    C 0        0       0     0 0       0      0        0        0        PSFDFI              
91086QBB MEXICO (UNITED MEXICAN STATE 0    4.7500 20440308 102.122 0      10000  0    C 0        0       0     0 0       0      0        0        0        PSFDFI              
91086QBC MEXICO (UNITED MEXICAN STATE 0    4.0000 20231002 104.942 0      10000  0    C 0        0       0     0 0       0      0        0        0        PSFDFI              
912810QA TREASURY BOND                0    3.5000 20390215 109.796 0      60000  0    G 0        0       0     0 0       0      0        0        0        PSFDFI              
912810QT TREASURY BOND                0    3.1250 20411115 102.625 0      15000  0    G 0        0       0     0 0       0      0        0        0        PSFDFI              
912810QV TREASURY (CPI) NOTE          0    0.7500 20420215 94.2187 0      10532  0    G 0        0       0     0 0       0      0        0        0        PSFDFI              
912810QY TREASURY BOND                0    2.7500 20421115 94.6875 0      50000  0    G 0        0       0     0 0       0      0        0        0        PSFDFI              
912810RA TREASURY (CPI) NOTE          0    0.6250 20430215 91      0      3105   0    G 0        0       0     0 0       0      0        0        0        PSFDFI              
912810RF TREASURY (CPI) NOTE          0    1.3750 20440215 109.718 0      5106   0    G 0        0       0     0 0       0      0        0        0        PSFDFI              
912810RG TREASURY BOND                0    3.3750 20440515 106.796 0      10000  0    G 0        0       0     0 0       0      0        0        0        PSFDFI              
912828A9 TREASURY NOTE                0    0.7500 20170115 100.312 0      50000  0    G 0        0       0     0 0       0      0        0        0        PSFDFI              
912828B6 TREASURY NOTE                0    2.7500 20240215 104.062 0      60000  0    G 0        0       0     0 0       0      0        0        0        PSFDFI              
912828C2 TREASURY NOTE                0    1.5000 20190228 100.265 0      50000  0    G 0        0       0     0 0       0      0        0        0        PSFDFI              
912828ET TREASURY (CPI) NOTE          0    2.0000 20160115 102.937 0      29977  0    G 0        0       0     0 0       0      0        0        0        PSFDFI              
912828KD TREASURY NOTE                0    2.7500 20190215 105.375 0      85000  0    G 0        0       0     0 0       0      0        0        0        PSFDFI              
912828LP TREASURY NOTE                0    3.0000 20160930 104.625 0      65000  0    G 0        0       0     0 0       0      0        0        0        PSFDFI              
912828LY TREASURY NOTE                0    3.3750 20191115 108.421 0      15000  0    G 0        0       0     0 0       0      0        0        0        PSFDFI              
912828NR TREASURY NOTE                0    2.3750 20170731 104.031 0      50000  0    G 0        0       0     0 0       0      0        0        0        PSFDFI              
912828PA TREASURY NOTE                0    1.8750 20170930 102.656 0      75000  0    G 0        0       0     0 0       0      0        0        0        PSFDFI              
912828QD TREASURY (CPI) NOTE          0    0.1250 20160415 100.921 0      26955  0    G 0        0       0     0 0       0      0        0        0        PSFDFI              
912828QY TREASURY NOTE                0    2.2500 20180731 103.562 0      50000  0    G 0        0       0     0 0       0      0        0        0        PSFDFI              
912828RC TREASURY NOTE                0    2.1250 20210815 100.843 0      80000  0    G 0        0       0     0 0       0      0        0        0        PSFDFI              
912828RJ TREASURY NOTE                0    1.0000 20160930 100.953 0      125000 0    G 0        0       0     0 0       0      0        0        0        PSFDFI              
912828RX TREASURY NOTE                0    0.8750 20161231 100.593 0      35000  0    G 0        0       0     0 0       0      0        0        0        PSFDFI              
912828RY TREASURY NOTE                0    1.3750 20181231 99.9062 0      55000  0    G 0        0       0     0 0       0      0        0        0        PSFDFI              
912828SF TREASURY NOTE                0    2.0000 20220215 99.75   0      60000  0    G 0        0       0     0 0       0      0        0        0        PSFDFI              
912828SH TREASURY NOTE                0    1.3750 20190228 99.6875 0      75000  0    G 0        0       0     0 0       0      0        0        0        PSFDFI              
912828SN TREASURY NOTE                0    1.5000 20190331 100.125 0      50000  0    G 0        0       0     0 0       0      0        0        0        PSFDFI              
912828SQ TREASURY (CPI) NOTE          0    0.1250 20170415 101.453 0      52391  0    G 0        0       0     0 0       0      0        0        0        PSFDFI              
912828SV TREASURY NOTE                0    1.7500 20220515 97.7343 0      75000  0    G 0        0       0     0 0       0      0        0        0        PSFDFI              
912828TH TREASURY NOTE                0    0.8750 20190731 96.9375 0      50000  0    G 0        0       0     0 0       0      0        0        0        PSFDFI              
912828TR TREASURY NOTE                0    1.0000 20190930 97.2343 0      35000  0    G 0        0       0     0 0       0      0        0        0        PSFDFI              
912828VM TREASURY (CPI) NOTE          0    0.3750 20230715 100.062 0      27612  0    G 0        0       0     0 0       0      0        0        0        PSFDFI              
912828WJ TREASURY NOTE                0    2.5000 20240515 101.828 0      30000  0    G 0        0       0     0 0       0      0        0        0        PSFDFI              
912828WW TREASURY NOTE                0    1.6250 20190731 100.343 0      60000  0    G 0        0       0     0 0       0      0        0        0        PSFDFI              
91311QAD UNITED UTILITIES PLC         0    4.5500 20180619 106.471 0      10000  0    C 0        0       0     0 0       0      0        0        0        PSFDFI              
914119YR UNIVERSITY CINCINNATI OHIO G 0    5.1530 20330601 106.956 0      5000   0    O 0        0       0     0 0       0      0        0        0        PSFDFI              
91913YAL VALERO ENERGY CORPORATION    0    6.6250 20370615 120.827 0      10000  0    C 0        0       0     0 0       0      0        0        0        PSFDFI              
91913YAM VALERO ENERGY CORP           0    6.1250 20170615 110.998 0      10000  0    C 0        0       0     0 0       0      0        0        0        PSFDFI              
92261XAA VENDE_10-1                   0    4.2500 20350215 97.563  0      15596  0    M 0        0       0     0 0       0      0        0        0        PSFDFI              
92276MAY VENTAS REALTY LP             0    4.0000 20190430 106.273 0      3000   0    C 0        0       0     0 0       0      0        0        0        PSFDFI              
92329JAG VENTR_12-12A                 0    0.0000 20240228 94.919  0      6000   0    M 0        0       0     0 0       0      0        0        0        PSFDFI              
92343VCL VERIZON COMMUNICATIONS INC   0    5.0120 20540821 102.390 0      5605   0    C 0        0       0     0 0       0      0        0        0        PSFDFI              
92343VCQ VERIZON COMMUNICATIONS INC   0    4.4000 20341101 97.9943 0      15000  0    C 0        0       0     0 0       0      0        0        0        PSFDFI              
925524AH CBS CORP                     0    7.8750 20300730 135.805 0      10000  0    C 0        0       0     0 0       0      0        0        0        PSFDFI              
929043AG VORNADO REALTY LP            0    5.0000 20220115 109.006 0      20000  0    C 0        0       0     0 0       0      0        0        0        PSFDFI              
93933WAC WASHINGTON MUTUAL BK NV      0    0.0000 20150115 0.01    0      3000   0    C 0        0       0     0 0       0      0        0        0        PSFDFI              
947075AB WEATHERFORD INTL LTD BERMUDA 0    6.5000 20360801 106.958 0      10000  0    C 0        0       0     0 0       0      0        0        0        PSFDFI              
94707VAC WEATHERFORD INTERNATIONAL LT 0    4.5000 20220415 99.6964 0      10000  0    C 0        0       0     0 0       0      0        0        0        PSFDFI              
94974BFD WELLS FARGO & CO             0    2.1000 20170508 102.126 0      20000  0    C 0        0       0     0 0       0      0        0        0        PSFDFI              
96950FAH WILLIAMS PARTNERS LP         0    4.0000 20211115 103.201 0      15000  0    C 0        0       0     0 0       0      0        0        0        PSFDFI              
96950FAM WILLIAMS PARTNERS LP         0    4.3000 20240304 101.615 0      10000  0    C 0        0       0     0 0       0      0        0        0        PSFDFI              
981464CW WFNMT_12-A                   0    3.1400 20230117 102.946 0      13565  0    M 0        0       0     0 0       0      0        0        0        PSFDFI              
98886MAG ZAIS1_14-1A                  0    0.0000 20260415 91.964  0      5000   0    M 0        0       0     0 0       0      0        0        0        PSFDFI              
BRSJGZ0F BELGIUM KINGDOM OF (GOVERNME 0    1.5000 20180622 100.498 0      20000  0    C 0        0       0     0 0       0      0        0        0        PSFDFI              
